45.0	54.0	55.9	61.8	65.5	69.5	70.4	74.2	75.7	25.6
35.3	44.1	48.8	58.0	59.2	65.8	69.2	72.3	73.1	33.2	
29.1	38.1	41.5	50.3	52.9	58.1	61.9	66.8	67.9	5.9
63.7	77.7	82.0	90.3	90.3	92.3	94.8	96.2	96.9	12.4
40.5	54.0	59.7	73.9	76.9	83.1	87.4	92.9	91.8	18.6
41.1	53.7	56.4	69.4	72.7	79.7	84.1	89.0	91.2	12.8	
29.3	40.1	46.9	56.2	56.9	65.8	72.0	79.4	81.2	19.1
15.3	20.7	25.0	32.6	36.0	42.1	46.3	56.0	58.0	15.1	
5.2     6.9     9.7     12.0	19.1	25.0	25.5	27.4	36.9	13.5	
0.9	    1.3	    1.6	    3.3	    5.1	    4.1	    3.8	    6.1	    10.1	10.8					
